1-Mr/M 		   	LOG(r)	DEL	    DELAD   DELRAD
9.98776351e-01  9.56041 0.39267 0.39267 1.6087
9.97511452e-01  9.66444 0.39272 0.39272 1.4742
9.96203968e-01  9.72636 0.39276 0.39276 1.3983
9.94852527e-01  9.77110 0.39280 0.39280 1.3405
9.93455716e-01  9.80643 0.39284 0.39284 1.2919
9.92012082e-01  9.83583 0.39288 0.39288 1.2489
9.90520130e-01  9.86114 0.39291 0.39291 1.2097
9.88978322e-01  9.88346 0.39295 0.39295 1.1734
9.87385079e-01  9.90350 0.39298 0.39298 1.1394
9.85738775e-01  9.92174 0.39302 0.39302 1.1072
9.84037742e-01  9.93854 0.39305 0.39305 1.0767
9.82280263e-01  9.95414 0.39309 0.39309 1.0475
9.80464578e-01  9.96874 0.39312 0.39312 1.0195
9.78588878e-01  9.98250 0.39316 0.39315 0.9926
9.76651308e-01  9.99553 0.39319 0.39319 0.9666
9.74649963e-01 10.00792 0.39322 0.39322 0.9416
9.72582890e-01 10.01976 0.39326 0.39326 0.9173
9.70448085e-01 10.03111 0.39329 0.39329 0.8939
9.68243497e-01 10.04203 0.39333 0.39333 0.8712
9.65967023e-01 10.05256 0.39336 0.39336 0.8491
9.63616508e-01 10.06275 0.39340 0.39340 0.8277
9.61189749e-01 10.07262 0.39343 0.39343 0.8070
9.58684489e-01 10.08220 0.39347 0.39347 0.7868
9.56098421e-01 10.09153 0.39351 0.39351 0.7672
9.53429187e-01 10.10062 0.39355 0.39354 0.7482
9.50674378e-01 10.10950 0.39358 0.39358 0.7297
9.47831532e-01 10.11818 0.39362 0.39362 0.7118
9.44898139e-01 10.12667 0.39366 0.39366 0.6944
9.41871637e-01 10.13500 0.39370 0.39370 0.6774
9.38749416e-01 10.14317 0.39374 0.39374 0.6610
9.35528817e-01 10.15120 0.39378 0.39378 0.6451
9.32207132e-01 10.15909 0.39382 0.39382 0.6296
9.28781608e-01 10.16686 0.39386 0.39386 0.6147
9.25249446e-01 10.17452 0.39390 0.39390 0.6002
9.21607804e-01 10.18206 0.39395 0.39395 0.5861
9.17853798e-01 10.18950 0.39399 0.39399 0.5725
9.13984505e-01 10.19685 0.39403 0.39403 0.5594
9.09996963e-01 10.20411 0.39408 0.39408 0.5467
9.05888177e-01 10.21129 0.39412 0.39412 0.5345
9.01655120e-01 10.21839 0.39417 0.39417 0.5227
8.97294735e-01 10.22542 0.39422 0.39422 0.5113
8.92803943e-01 10.23238 0.39426 0.39426 0.5003
8.88179641e-01 10.23927 0.39431 0.39431 0.4898
8.83418710e-01 10.24610 0.39436 0.39436 0.4797
8.78518021e-01 10.25288 0.39441 0.39441 0.4700
8.73474436e-01 10.25960 0.39446 0.39446 0.4607
8.68284816e-01 10.26627 0.39451 0.39451 0.4519
8.62946029e-01 10.27290 0.39456 0.39456 0.4434
8.57454952e-01 10.27948 0.39461 0.39461 0.4354
8.51808480e-01 10.28601 0.39467 0.39467 0.4277
8.46003537e-01 10.29251 0.39472 0.39472 0.4205
8.40037078e-01 10.29897 0.39478 0.39478 0.4136
8.33906103e-01 10.30539 0.39483 0.39483 0.4071
8.27607663e-01 10.31178 0.39489 0.39489 0.4011
8.21138872e-01 10.31814 0.39495 0.39495 0.3954
8.14496915e-01 10.32447 0.38998 0.39500 0.3900
8.07679063e-01 10.33077 0.38470 0.39506 0.3847
8.00682681e-01 10.33705 0.37954 0.39512 0.3795
7.93505243e-01 10.34330 0.37451 0.39517 0.3745
7.86144345e-01 10.34953 0.36961 0.39522 0.3696
7.78597716e-01 10.35575 0.36483 0.39527 0.3648
7.70863240e-01 10.36195 0.36017 0.39532 0.3602
7.62938961e-01 10.36813 0.35564 0.39537 0.3556
7.54823108e-01 10.37430 0.35122 0.39541 0.3512
7.46514107e-01 10.38046 0.34692 0.39546 0.3469
7.38010602e-01 10.38662 0.34273 0.39550 0.3427
7.29311467e-01 10.39276 0.33865 0.39555 0.3387
7.20415834e-01 10.39890 0.33469 0.39559 0.3347
7.11323102e-01 10.40504 0.33083 0.39563 0.3308
7.02032967e-01 10.41118 0.32708 0.39567 0.3271
6.92545434e-01 10.41731 0.32342 0.39570 0.3234
6.82860844e-01 10.42345 0.31987 0.39574 0.3199
6.72979893e-01 10.42959 0.31642 0.39577 0.3164
6.62903653e-01 10.43573 0.31306 0.39581 0.3131
6.52633598e-01 10.44188 0.30979 0.39584 0.3098
6.42171620e-01 10.44803 0.30662 0.39587 0.3066
6.31520056e-01 10.45420 0.30353 0.39590 0.3035
6.20681711e-01 10.46037 0.30053 0.39593 0.3005
6.09659875e-01 10.46656 0.29761 0.39596 0.2976
5.98458349e-01 10.47275 0.29477 0.39599 0.2948
5.87081464e-01 10.47897 0.29201 0.39601 0.2920
5.75534102e-01 10.48519 0.28933 0.39604 0.2893
5.63821717e-01 10.49143 0.28677 0.39606 0.2868
5.51950351e-01 10.49770 0.28424 0.39608 0.2842
5.39926651e-01 10.50398 0.28179 0.39610 0.2818
5.27757887e-01 10.51028 0.27940 0.39612 0.2794
5.15451964e-01 10.51660 0.27709 0.39614 0.2771
5.03017433e-01 10.52294 0.27484 0.39616 0.2748
4.90463500e-01 10.52931 0.27265 0.39617 0.2727
4.77800036e-01 10.53570 0.27053 0.39619 0.2705
4.65037575e-01 10.54212 0.26848 0.39620 0.2685
4.52187318e-01 10.54857 0.26648 0.39621 0.2665
4.39261127e-01 10.55504 0.26455 0.39623 0.2645
4.26271522e-01 10.56155 0.26267 0.39623 0.2627
4.13231663e-01 10.56809 0.26085 0.39624 0.2609
4.00155341e-01 10.57465 0.25909 0.39625 0.2591
3.87056950e-01 10.58126 0.25738 0.39625 0.2574
3.73951467e-01 10.58789 0.25573 0.39626 0.2557
3.60854417e-01 10.59456 0.25413 0.39626 0.2541
3.47781837e-01 10.60127 0.25258 0.39626 0.2526
3.34750234e-01 10.60801 0.25109 0.39626 0.2511
3.21776535e-01 10.61479 0.24964 0.39626 0.2496
3.08878034e-01 10.62161 0.24825 0.39626 0.2482
2.96072330e-01 10.62847 0.24690 0.39625 0.2469
2.83377260e-01 10.63536 0.24560 0.39624 0.2456
2.70810826e-01 10.64230 0.24434 0.39624 0.2443
2.58391119e-01 10.64928 0.24313 0.39623 0.2431
2.46136233e-01 10.65630 0.24196 0.39621 0.2420
2.34064173e-01 10.66336 0.24084 0.39620 0.2408
2.22192767e-01 10.67047 0.23976 0.39619 0.2398
2.10539562e-01 10.67761 0.23873 0.39617 0.2387
1.99121725e-01 10.68480 0.23773 0.39615 0.2377
1.87955938e-01 10.69203 0.23677 0.39613 0.2368
1.77058289e-01 10.69931 0.23585 0.39611 0.2359
1.66444168e-01 10.70662 0.23497 0.39608 0.2350
1.56128157e-01 10.71398 0.23413 0.39605 0.2341
1.46123924e-01 10.72137 0.23332 0.39602 0.2333
1.36444120e-01 10.72881 0.23255 0.39599 0.2326
1.27100276e-01 10.73628 0.23182 0.39596 0.2318
1.18102713e-01 10.74380 0.23112 0.39592 0.2311
1.09460447e-01 10.75134 0.23045 0.39588 0.2305
1.01181118e-01 10.75893 0.22982 0.39584 0.2298
9.32709080e-02 10.76654 0.22921 0.39579 0.2292
8.57344907e-02 10.77419 0.22864 0.39574 0.2286
7.85749780e-02 10.78186 0.22810 0.39569 0.2281
7.17938872e-02 10.78956 0.22758 0.39564 0.2276
6.53911207e-02 10.79728 0.22710 0.39558 0.2271
5.93649612e-02 10.80502 0.22664 0.39552 0.2266
5.37120831e-02 10.81277 0.22620 0.39546 0.2262
4.84275799e-02 10.82054 0.22580 0.39539 0.2258
4.35050091e-02 10.82831 0.22542 0.39532 0.2254
3.89364533e-02 10.83609 0.22506 0.39524 0.2251
3.47125976e-02 10.84386 0.22472 0.39516 0.2247
3.08228231e-02 10.85163 0.22441 0.39508 0.2244
2.72553145e-02 10.85939 0.22411 0.39499 0.2241
2.39971818e-02 10.86712 0.22384 0.39489 0.2238
2.10345924e-02 10.87484 0.22358 0.39480 0.2236
1.83529146e-02 10.88253 0.22335 0.39469 0.2233
1.59368679e-02 10.89018 0.22313 0.39458 0.2231
1.37706781e-02 10.89779 0.22292 0.39447 0.2229
1.18382366e-02 10.90535 0.22273 0.39435 0.2227
1.01232581e-02 10.91285 0.22256 0.39422 0.2226
8.60943738e-03 10.92029 0.22239 0.39408 0.2224
7.28059946e-03 10.92766 0.22224 0.39394 0.2222
6.12084300e-03 10.93495 0.22210 0.39379 0.2221
5.11467313e-03 10.94215 0.22197 0.39363 0.2220
4.24712224e-03 10.94926 0.22185 0.39347 0.2218
3.50385664e-03 10.95627 0.22174 0.39329 0.2217
2.87126780e-03 10.96317 0.22163 0.39311 0.2216
2.33654705e-03 10.96996 0.22153 0.39291 0.2215
1.88774309e-03 10.97662 0.22144 0.39270 0.2214
1.51380223e-03 10.98315 0.22135 0.39248 0.2214
1.20459155e-03 10.98954 0.22127 0.39225 0.2213
9.50905713e-04 10.99579 0.22119 0.39201 0.2212
7.44458544e-04 11.00188 0.22112 0.39175 0.2211
5.77860737e-04 11.00782 0.22105 0.39147 0.2210
4.44585454e-04 11.01359 0.22098 0.39118 0.2210
3.38923696e-04 11.01920 0.22091 0.39087 0.2209
2.55931506e-04 11.02463 0.22084 0.39054 0.2208
1.91371092e-04 11.02988 0.22077 0.39018 0.2208
1.41647938e-04 11.03495 0.22068 0.38981 0.2207
1.03745882e-04 11.03983 0.22058 0.38941 0.2206
7.51619602e-05 11.04452 0.22044 0.38898 0.2204
5.38426321e-05 11.04901 0.22026 0.38852 0.2203
3.81227265e-05 11.05332 0.22000 0.38802 0.2200
2.66681962e-05 11.05742 0.21963 0.38748 0.2196
1.84234801e-05 11.06134 0.21907 0.38690 0.2191
1.25640000e-05 11.06505 0.21825 0.38625 0.2182
8.45406646e-06 11.06858 0.21703 0.38554 0.2170
5.61023698e-06 11.07191 0.21529 0.38473 0.2153
3.66998086e-06 11.07506 0.21287 0.38380 0.2129
2.36534930e-06 11.07803 0.20970 0.38271 0.2097
1.50123911e-06 11.08082 0.20588 0.38141 0.2059
9.37764666e-07 11.08345 0.20184 0.37983 0.2018
5.76216116e-07 11.08592 0.19851 0.37793 0.1985
3.48076049e-07 11.08824 0.19749 0.37570 0.1975
2.06586047e-07 11.09040 0.20116 0.37326 0.2012
1.20392040e-07 11.09242 0.21252 0.37093 0.2125
6.88473049e-08 11.09428 0.23275 0.36930 0.2327
3.86083499e-08 11.09597 0.25383 0.36889 0.2538
2.12169685e-08 11.09747 0.25946 0.36931 0.2595
1.14178805e-08 11.09880 0.24702 0.36927 0.2470
6.01269590e-09 11.09998 0.22783 0.36745 0.2278
3.09602821e-09 11.10104 0.21337 0.36222 0.2134
1.76108483e-09 11.10185 0.21197 0.35189 0.2120
1.09020770e-09 11.10248 0.22472 0.33053 0.2247
7.25235316e-10 11.10298 0.25291 0.28772 0.2529
5.12865195e-10 11.10338 0.29095 0.23800 0.2910
3.82031073e-10 11.10370 0.31751 0.24870 0.3175
2.97426750e-10 11.10396 0.31759 0.31681 0.3176
2.40419240e-10 11.10419 0.29950 0.35655 0.2995
2.00640948e-10 11.10438 0.27678 0.36706 0.2768
1.72049264e-10 11.10456 0.25635 0.36792 0.2564
1.50973567e-10 11.10473 0.24008 0.36411 0.2401
1.35102041e-10 11.10489 0.22786 0.35338 0.2279
1.22930222e-10 11.10506 0.21908 0.32596 0.2191
1.13450360e-10 11.10525 0.21280 0.26306 0.2128
1.05969677e-10 11.10547 0.20471 0.19790 0.2047
1.00000008e-10 11.10585 0.12498 0.25273 0.1250
 